50 100.000000
62 124.000000
77 inf
96 inf
120 inf
150 inf
187 374.000000
233 inf
291 582.000000
363 726.000000
453 906.000000
566 566.000000
707 1414.000000
883 883.000000
1103 1103.000000
1378 918.666667
1722 1148.000000
2152 860.800000
2690 896.666667
3362 960.571429
4202 1050.500000
5252 1050.400000
6565 1010.000000
8206 965.411765
10257 1025.700000
12821 986.230769
16026 971.272727
20032 977.170732
25040 981.960784
31300 978.125000
39125 978.125000
48906 978.120000
61132 978.112000
76415 986.000000
95518 979.671795
119397 974.669388
149246 975.464052
186557 1893.979695
233196 1888.226721
291495 1874.565916
364368 1781.750611
455460 1570.551724
569325 1338.014101
711656 1140.474359
889570 998.955643
1111962 947.156729
1389952 966.923130
1737440 972.810750
2171800 972.592924
2714750 991.689498
3393437 985.318525
4241796 999.834060
5302245 997.318725
6627806 1010.875620
8284757 1014.542861
10355946 1016.534577
12944932 1012.865850
16181165 970.937866
20226456 1020.713363
25283070 808.501991
31603837 1029.189514
39504796 972.258220
49380995 1015.725011
61726243 915.833217
77157803 1034.051262
96447253 1042.351848
